Hybrid	Gen	sample	S30_equal	S37_equal	R_equal	mu	R_plot
Sc	0	A3	25735.2055	26135.1395	1.0155403460835	1.09009723971071	1.09009723971071
Sc	0	B1	25411.21275	30915.895	1.21662414557526	1.09009723971071	1.09009723971071
Sc	0	B11	24942.036	27751.43975	1.11263730635302	1.09009723971071	1.09009723971071
Sc	0	C2	25483.124	27796.2755	1.09077189672663	1.09009723971071	1.09009723971071
Sc	0	D10	25646.09675	25573.29325	0.997161224933771	1.09009723971071	1.09009723971071
Sc	0	F6	25069.945	27647.47	1.10281334881269	1.09009723971071	1.09009723971071
Sc	0	H1	29198.85725	27905.4775	0.955704439426307	1.09009723971071	1.09009723971071
Sc	0	H4	25711.21275	31612.58425	1.22952520977448	1.09009723971071	1.09009723971071
Sc	5000	A3	26692.2105	28197.95775	1.05641148566545	1.09009723971071	1.05641148566545
Sc	5000	B1	26466.2555	27156.331	1.02607378667526	1.09009723971071	1.02607378667526
Sc	5000	B11	24346.44	29451.392	1.20967960818912	1.09009723971071	1.20967960818912
Sc	5000	C2	25808.349	28790.0685	1.11553313619558	1.09009723971071	1.11553313619558
Sc	5000	D10	26973.36425	25316.033	0.938556746772883	1.09009723971071	0.938556746772883
Sc	5000	F6	25846.943	27341.2505	1.05781370353933	1.09009723971071	1.05781370353933
Sc	5000	H1	24916.488	28662.31875	1.15033542247206	1.09009723971071	1.15033542247206
Sc	5000	H4	26769.16275	34779.8215	1.29924950678556	1.09009723971071	1.29924950678556
Sc	9000	A3	24221.107	29050.95225	1.19940646189293	1.09009723971071	1.19940646189293
Sc	9000	B1	26075.05075	28748.37925	1.10252438338974	1.09009723971071	1.10252438338974
Sc	9000	B11	24922.98775	30087.44525	1.20721662875271	1.09009723971071	1.20721662875271
Sc	9000	C2	24935.9295	30014.5435	1.20366652063241	1.09009723971071	1.20366652063241
Sc	9000	D10	27535.6115	27775.2455	1.00870269396414	1.09009723971071	1.00870269396414
Sc	9000	F6	24628.508	28916.55625	1.17410913604673	1.09009723971071	1.17410913604673
Sc	9000	H1	27372.13425	31515.70775	1.15137926265286	1.09009723971071	1.15137926265286
Sc	9000	H4	28219.079	32415.87925	1.14872208444507	1.09009723971071	1.14872208444507
Sp	0	A4	23089.26525	6817.38475	0.295262091547066	0.285440481604805	0.285440481604805
Sp	0	B3	23954.2475	6753.40475	0.281929321720501	0.285440481604805	0.285440481604805
Sp	0	E3	23258.6615	7106.4475	0.305539830828184	0.285440481604805	0.285440481604805
Sp	0	F2	24577.58725	7208.90475	0.293312141532526	0.285440481604805	0.285440481604805
Sp	0	F5	26231.83625	7141.37425	0.27224073000227	0.285440481604805	0.285440481604805
Sp	0	G12	23611.25275	6758.7405	0.286250821655365	0.285440481604805	0.285440481604805
Sp	0	G8	26126.0915	6885.4905	0.263548433947726	0.285440481604805	0.285440481604805
Sp	5000	A4	21893.356	184.6065	0.00843207866349956	0.285440481604805	0.00843207866349956
Sp	5000	B3	26740.69175	4336.96525	0.162185978229228	0.285440481604805	0.162185978229228
Sp	5000	E3	23164.2955	3835.9475	0.165597416938495	0.285440481604805	0.165597416938495
Sp	5000	F2	29549.30625	6007.387	0.203300441275165	0.285440481604805	0.203300441275165
Sp	5000	F5	27523.6845	2850.46025	0.103563905115974	0.285440481604805	0.103563905115974
Sp	5000	G12	22151.2905	4027.66725	0.18182539974364	0.285440481604805	0.18182539974364
Sp	5000	G8	27220.55075	5206.71025	0.191278651847263	0.285440481604805	0.191278651847263
Sp	9000	A4	26114.3205	13156.59275	0.503807585190662	0.285440481604805	0.503807585190662
Sp	9000	B3	28641.306	4131.594	0.144252989022219	0.285440481604805	0.144252989022219
Sp	9000	E3	27024.965	3642.16725	0.134770470563052	0.285440481604805	0.134770470563052
Sp	9000	F2	31261.99325	4194.56375	0.134174545956055	0.285440481604805	0.134174545956055
Sp	9000	F5	25954.82575	2556.637	0.0985033390177933	0.285440481604805	0.0985033390177933
Sp	9000	G12	18374.26725	2169.92975	0.11809612435021	0.285440481604805	0.11809612435021
Sp	9000	G8	24064.6085	3642.67975	0.15137082949012	0.285440481604805	0.15137082949012
1A	0	A7	26974.91975	7358.68975	0.272797465875686	0.30039172748193	0.30039172748193
1A	0	B8	29766.7	9746.6555	0.327434868493988	0.30039172748193	0.30039172748193
1A	0	C11	30494.25775	8387.18075	0.275041314950517	0.30039172748193	0.30039172748193
1A	0	C2	30567.47225	9087.27175	0.297285679223934	0.30039172748193	0.30039172748193
1A	0	C4	32347.6715	9739.63775	0.301092390838704	0.30039172748193	0.30039172748193
1A	0	D9	30048.64375	9876.9485	0.328698645508751	0.30039172748193	0.30039172748193
1A	5000	A7	44270.044	7884.18075	0.178092905215997	0.30039172748193	0.178092905215997
1A	5000	B8	48046.64475	23337.816	0.485732481871172	0.30039172748193	0.485732481871172
1A	5000	C11	42372.9485	16642.7535	0.392768360219256	0.30039172748193	0.392768360219256
1A	5000	C2	40040.48525	8642.53425	0.215844892888754	0.30039172748193	0.215844892888754
1A	5000	C4	47909.8805	54023.28825	1.12760223332221	0.30039172748193	1.12760223332221
1A	5000	D9	39224.17175	10485.619	0.267325440721384	0.30039172748193	0.267325440721384
1A	9000	A7	40620.68525	4559.5645	0.112247355551443	0.30039172748193	0.112247355551443
1A	9000	B8	39416.28575	6540.08225	0.165923351872392	0.30039172748193	0.165923351872392
1A	9000	C11	40536.3035	12647.40425	0.312001913297299	0.30039172748193	0.312001913297299
1A	9000	C2	35606.19275	7715.7235	0.216696111099943	0.30039172748193	0.216696111099943
1A	9000	C4	59828.03725	56659.32	0.947036249296311	0.30039172748193	0.947036249296311
1A	9000	D9	48411.3975	11222.3385	0.231811909581829	0.30039172748193	0.231811909581829
1B	0	A8	42818.07125	35889.1015	0.838176509410148	0.807130872320258	0.807130872320258
1B	0	C7	40725.16525	31137.842	0.764584791954896	0.807130872320258	0.807130872320258
1B	0	C9	42084.425	35120.5815	0.834526823165577	0.807130872320258	0.807130872320258
1B	0	D8	42388.3015	36000.203	0.849295719008699	0.807130872320258	0.807130872320258
1B	0	F9	48983.61075	33593.01575	0.685801132984056	0.807130872320258	0.807130872320258
1B	0	G10	38758.30125	34147.1695	0.881028538370216	0.807130872320258	0.807130872320258
1B	0	H6	44497.05925	35442.023	0.796502591348214	0.807130872320258	0.807130872320258
1B	5000	A8	44238.769	11350.69225	0.256577940719824	0.807130872320258	0.256577940719824
1B	5000	C7	42199.879	20725.5975	0.491129311057977	0.807130872320258	0.491129311057977
1B	5000	C9	47953.8125	10349.507	0.215822402024865	0.807130872320258	0.215822402024865
1B	5000	D8	41328.12675	21004.014	0.508225648044888	0.807130872320258	0.508225648044888
1B	5000	F9	41575.50825	16882.077	0.406058222992379	0.807130872320258	0.406058222992379
1B	5000	G10	42248.53125	17659.26625	0.417985329371657	0.807130872320258	0.417985329371657
1B	5000	H6	40690.9935	23142.18325	0.56872986524647	0.807130872320258	0.56872986524647
1B	9000	A8	45787.02625	10013.754	0.218702868915843	0.807130872320258	0.218702868915843
1B	9000	C7	41057.95	28797.8035	0.701394090547628	0.807130872320258	0.701394090547628
1B	9000	C9	38809.927	8643.5595	0.22271517027074	0.807130872320258	0.22271517027074
1B	9000	D8	43108.53375	14600.0515	0.338681236171713	0.807130872320258	0.338681236171713
1B	9000	F9	40866.3925	14859.16775	0.363603607781137	0.807130872320258	0.363603607781137
1B	9000	G10	44780.25425	27076.68975	0.604656900758887	0.807130872320258	0.604656900758887
1B	9000	H6	44886.62475	29699.427	0.66165427152105	0.807130872320258	0.66165427152105
1C	0	A7	37000.81825	11121.86375	0.300584264781766	0.328598584044344	0.328598584044344
1C	0	B3	37100.19725	11632.146	0.313533265648608	0.328598584044344	0.328598584044344
1C	0	D1	41347.40275	11787.03525	0.285073171857209	0.328598584044344	0.328598584044344
1C	0	D3	38701.00025	11800.669	0.304918966532396	0.328598584044344	0.328598584044344
1C	0	F11	34424.62375	12030.626	0.349477341782131	0.328598584044344	0.328598584044344
1C	0	F3	34717.995	11511.24225	0.331564142744994	0.328598584044344	0.328598584044344
1C	0	G2	39867.6705	16115.9815	0.404236849002753	0.328598584044344	0.328598584044344
1C	0	G6	38251.064	12982.43675	0.339400670004892	0.328598584044344	0.328598584044344
1C	5000	A7	35851.31325	9343.39525	0.260615146364269	0.328598584044344	0.260615146364269
1C	5000	B3	36519.566	8958.6755	0.245311663889982	0.328598584044344	0.245311663889982
1C	5000	D1	35656.012	10091.16825	0.28301449556389	0.328598584044344	0.28301449556389
1C	5000	D3	39381.52075	9612.9685	0.244098458285159	0.328598584044344	0.244098458285159
1C	5000	F11	37948.55575	8089.985	0.213182948339213	0.328598584044344	0.213182948339213
1C	5000	F3	39202.7355	10044.20575	0.256211859246404	0.328598584044344	0.256211859246404
1C	5000	G2	47192.1735	10194.18075	0.216014224265386	0.328598584044344	0.216014224265386
1C	5000	G6	39629.7875	9013.70575	0.22744774369532	0.328598584044344	0.22744774369532
1C	9000	A7	46920.5085	9372.6755	0.199756477490008	0.328598584044344	0.199756477490008
1C	9000	B3	33879.747	27249.29225	0.804294443225919	0.328598584044344	0.804294443225919
1C	9000	D1	47097.064	10512.0645	0.223199996076189	0.328598584044344	0.223199996076189
1C	9000	D3	38827.677	9827.48625	0.253105181904135	0.328598584044344	0.253105181904135
1C	9000	F11	40495.679	7733.3345	0.190966905382671	0.328598584044344	0.190966905382671
1C	9000	F3	43887.11225	11146.83975	0.253988908782669	0.328598584044344	0.253988908782669
1C	9000	G2	44923.78875	10980.88775	0.244433696612466	0.328598584044344	0.244433696612466
1C	9000	G6	42078.30025	24303.15825	0.577569866311318	0.328598584044344	0.577569866311318
1D	0	B11	41313.7655	13086.5455	0.316759930779004	0.330358830978784	0.330358830978784
1D	0	D1	36958.29625	11630.22775	0.314685170315447	0.330358830978784	0.330358830978784
1D	0	D5	35252.66425	14222.42225	0.403442478819172	0.330358830978784	0.330358830978784
1D	0	E1	38083.3735	12869.02775	0.337917221277679	0.330358830978784	0.330358830978784
1D	0	F1	39943.64975	11873.60625	0.297258921613691	0.330358830978784	0.330358830978784
1D	0	F10	38268.86625	11688.942	0.305442599831397	0.330358830978784	0.330358830978784
1D	0	G7	38605.2525	12823.45475	0.332168653734359	0.330358830978784	0.330358830978784
1D	0	H10	35220.5555	11805.77775	0.335195671459526	0.330358830978784	0.330358830978784
1D	5000	B11	46070.47075	20416.23875	0.443152379770289	0.330358830978784	0.443152379770289
1D	5000	D1	40762.2835	14878.82675	0.365014554447127	0.330358830978784	0.365014554447127
1D	5000	D5	35032.34125	11979.72975	0.341962007749054	0.330358830978784	0.341962007749054
1D	5000	E1	43085.4195	22574.2525	0.523941805881686	0.330358830978784	0.523941805881686
1D	5000	F1	38864.23025	21055.00425	0.541757912470169	0.330358830978784	0.541757912470169
1D	5000	F10	41383.32325	11804.58325	0.285249765435404	0.330358830978784	0.285249765435404
1D	5000	G7	42041.9655	11069.346	0.263292780638431	0.330358830978784	0.263292780638431
1D	5000	H10	43112.62475	11189.6385	0.2595443577116	0.330358830978784	0.2595443577116
1D	9000	B11	47942.85475	34879.5795	0.727524042568617	0.330358830978784	0.727524042568617
1D	9000	D1	43533.78025	17885.20325	0.410835060665332	0.330358830978784	0.410835060665332
1D	9000	D5	38069.06075	9112.826	0.239376171107663	0.330358830978784	0.239376171107663
1D	9000	F1	43934.66725	20988.5325	0.477721439895508	0.330358830978784	0.477721439895508
1D	9000	F10	45721.546	14236.5215	0.311374455710662	0.330358830978784	0.311374455710662
1D	9000	G7	40285.063	15721.92775	0.390266927223125	0.330358830978784	0.390266927223125
1D	9000	H10	52008.7615	11745.14375	0.225830098838251	0.330358830978784	0.225830098838251
2A	0	A6	38663.35175	32006.18925	0.827817242978682	0.844095202822296	0.844095202822296
2A	0	C1	36849.50725	32384.91975	0.87884268113246	0.844095202822296	0.844095202822296
2A	0	D5	41364.109	37013.3975	0.894819165571776	0.844095202822296	0.844095202822296
2A	0	E1	37815.952	29516.6255	0.780533714978272	0.844095202822296	0.844095202822296
2A	0	E12	38336.94475	32858.955	0.857109381414647	0.844095202822296	0.844095202822296
2A	0	E9	39206.84425	31701.50725	0.80857074463472	0.844095202822296	0.844095202822296
2A	0	G4	38255.98775	32937.39125	0.860973489045516	0.844095202822296	0.844095202822296
2A	5000	A6	39107.112	18420.71575	0.471032372577141	0.844095202822296	0.471032372577141
2A	5000	C1	38856.3255	30976.5735	0.797207998991052	0.844095202822296	0.797207998991052
2A	5000	D5	38011.9605	24638.85275	0.648186845032631	0.844095202822296	0.648186845032631
2A	5000	E1	47539.1705	32444.902	0.682487760277601	0.844095202822296	0.682487760277601
2A	5000	E12	39594.98225	21587.95775	0.545219533467527	0.844095202822296	0.545219533467527
2A	5000	E9	40251.571	19993.17625	0.496705488836697	0.844095202822296	0.496705488836697
2A	5000	G4	39704.83375	26393.49925	0.664742721659173	0.844095202822296	0.664742721659173
2A	9000	A6	36969.74	20169.13825	0.545558022588203	0.844095202822296	0.545558022588203
2A	9000	C1	35802.606	37757.294	1.05459624922275	0.844095202822296	1.05459624922275
2A	9000	D5	39916.02525	36868.2355	0.923644958862731	0.844095202822296	0.923644958862731
2A	9000	E1	0	0	NA	0.844095202822296	NA
2A	9000	E12	34113.674	16931.27975	0.496319445099933	0.844095202822296	0.496319445099933
2A	9000	E9	39453.25525	22207.9185	0.56289191751801	0.844095202822296	0.56289191751801
2A	9000	G4	40511.76075	20527.9815	0.506716595871484	0.844095202822296	0.506716595871484
2B	0	A2	35581.406	9826.50925	0.276169785140025	0.267770170492796	0.267770170492796
2B	0	C6	37094.75	9345.095	0.251925002864287	0.267770170492796	0.267770170492796
2B	0	D2	35053.48475	8757.12525	0.249821816930769	0.267770170492796	0.267770170492796
2B	0	E5	36229.381	9728.08225	0.268513620202343	0.267770170492796	0.267770170492796
2B	0	G9	31192.26675	9041.35025	0.289858711534647	0.267770170492796	0.267770170492796
2B	0	H3	37764.96675	10209.08225	0.270332086284705	0.267770170492796	0.267770170492796
2B	5000	A2	40051.1695	9313.62	0.23254302224558	0.267770170492796	0.23254302224558
2B	5000	C6	42874.448	36472.27325	0.850676217452409	0.267770170492796	0.850676217452409
2B	5000	D2	34690.25225	5127.47875	0.147807479549244	0.267770170492796	0.147807479549244
2B	5000	E5	36124.063	9221.095	0.255261845822825	0.267770170492796	0.255261845822825
2B	5000	G9	37159.75775	9068.43075	0.244039016912052	0.267770170492796	0.244039016912052
2B	5000	H3	37256.8205	9159.754	0.245854420132282	0.267770170492796	0.245854420132282
2B	9000	A2	40143.73225	8762.16825	0.218269895669703	0.267770170492796	0.218269895669703
2B	9000	C6	39507.89125	37626.31275	0.952374615792737	0.267770170492796	0.952374615792737
2B	9000	D2	36928.927	8119.43075	0.219866413936154	0.267770170492796	0.219866413936154
2B	9000	E5	36874.934	8413.163	0.228153981238312	0.267770170492796	0.228153981238312
2B	9000	G9	39898.6665	10134.1305	0.253996721920518	0.267770170492796	0.253996721920518
2B	9000	H3	42984.298	10016.78425	0.233033566117562	0.267770170492796	0.233033566117562
2C	0	A3	39050.7175	10272.8575	0.263064500671466	0.255300002012273	0.255300002012273
2C	0	A9	39495.089	9891.211	0.250441542238327	0.255300002012273	0.255300002012273
2C	0	B10	38212.34425	9897.75925	0.259019943535655	0.255300002012273	0.255300002012273
2C	0	C7	37171.1065	10377.43075	0.279180033287414	0.255300002012273	0.255300002012273
2C	0	E4	42285.72525	8203.38775	0.193998984326277	0.255300002012273	0.255300002012273
2C	0	F9	36881.935	10433.893	0.282899826161507	0.255300002012273	0.255300002012273
2C	0	G5	37954.32125	9811.00925	0.258495183865263	0.255300002012273	0.255300002012273
2C	5000	A3	45421.49375	9118.79675	0.200759508266942	0.255300002012273	0.200759508266942
2C	5000	A9	37480.225	9195.413	0.245340389498729	0.255300002012273	0.245340389498729
2C	5000	B10	35561.93925	9368.79675	0.263450108390813	0.255300002012273	0.263450108390813
2C	5000	C7	37803.71025	9920.52175	0.262421907384078	0.255300002012273	0.262421907384078
2C	5000	E4	37346.7575	7985.73625	0.213826762604491	0.255300002012273	0.213826762604491
2C	5000	F9	35153.61325	8093.095	0.230220857880093	0.255300002012273	0.230220857880093
2C	5000	G5	39483.1725	9433.82725	0.238932858042246	0.255300002012273	0.238932858042246
2C	9000	A3	48282.72825	9326.2235	0.193158585648068	0.255300002012273	0.193158585648068
2C	9000	A9	33813.952	8998.24875	0.266110531830175	0.255300002012273	0.266110531830175
2C	9000	B10	22938.145	8280.93075	0.361011352487309	0.255300002012273	0.361011352487309
2C	9000	C7	36495.32275	8366.779	0.229256199686575	0.255300002012273	0.229256199686575
2C	9000	E4	39418.09125	7940.35225	0.201439288362295	0.255300002012273	0.201439288362295
2C	9000	F9	42663.09425	7791.87	0.182637245070428	0.255300002012273	0.182637245070428
2C	9000	G5	40293.1925	9422.73625	0.233854298092662	0.255300002012273	0.233854298092662
2D	0	B4	36327.67475	16807.48275	0.462663323916706	0.42539375184679	0.42539375184679
2D	0	B8	32633.1645	13274.715	0.406786016722344	0.42539375184679	0.42539375184679
2D	0	D11	34641.16425	14374.7455	0.41496138513878	0.42539375184679	0.42539375184679
2D	0	D4	36802.11625	15771.6595	0.428553059092084	0.42539375184679	0.42539375184679
2D	0	G9	40364.07975	13311.23275	0.329779170798512	0.42539375184679	0.42539375184679
2D	0	H12	34072.53075	16930.73275	0.49690270658865	0.42539375184679	0.42539375184679
2D	0	H5	38047.6265	16669.0685	0.438110600670452	0.42539375184679	0.42539375184679
2D	5000	B4	36725.54425	11145.06675	0.30346906976062	0.42539375184679	0.30346906976062
2D	5000	B8	37242.50875	10413.27375	0.279607204227347	0.42539375184679	0.279607204227347
2D	5000	D11	39995.7145	11951.7435	0.298825602928034	0.42539375184679	0.298825602928034
2D	5000	D4	39972.5275	8706.3345	0.217807955726593	0.42539375184679	0.217807955726593
2D	5000	G9	36161.3155	7554.915	0.208922570861671	0.42539375184679	0.208922570861671
2D	5000	H12	38759.56475	5896.76875	0.152137125069239	0.42539375184679	0.152137125069239
2D	5000	H5	40891.02425	10739.21325	0.262630086846015	0.42539375184679	0.262630086846015
2D	9000	B4	35379.3675	9498.799	0.268484138389416	0.42539375184679	0.268484138389416
2D	9000	B8	36940.91775	10979.097	0.297206936608931	0.42539375184679	0.297206936608931
2D	9000	D11	37345.86225	9711.32925	0.260037623043501	0.42539375184679	0.260037623043501
2D	9000	D4	42552.3475	16736.80525	0.393322724439586	0.42539375184679	0.393322724439586
2D	9000	G9	34505.271	11527.85975	0.334089819204724	0.42539375184679	0.334089819204724
2D	9000	H12	36140.9555	7326.67025	0.202724862932857	0.42539375184679	0.202724862932857
2D	9000	H5	21433.69425	0	0	0.42539375184679	0
3A	0	C10	25039.2475	6956.0135	0.277804414849128	0.315398358720948	0.315398358720948
3A	0	C3	28477.35425	7560.5615	0.265493817776278	0.315398358720948	0.315398358720948
3A	0	C8	24181.28275	7537.347	0.311701702425195	0.315398358720948	0.315398358720948
3A	0	E11	23269.80275	7094.79375	0.304892732706984	0.315398358720948	0.315398358720948
3A	0	F3	19833.51725	7165.66	0.361290431226968	0.315398358720948	0.315398358720948
3A	0	G11	25965.596	7198.91	0.277248016952894	0.315398358720948	0.315398358720948
3A	0	H4	19334.08325	7147.8545	0.369702271764036	0.315398358720948	0.315398358720948
3A	0	H7	23702.17425	8415.5395	0.355053482066102	0.315398358720948	0.315398358720948
3A	5000	C10	22231.03525	3286.39225	0.147829024291615	0.315398358720948	0.147829024291615
3A	5000	C3	19833.51725	835.86175	0.042143899110986	0.315398358720948	0.042143899110986
3A	5000	C8	25114.32075	4393.83675	0.174953437671612	0.315398358720948	0.174953437671612
3A	5000	E11	24181.2225	2195.96525	0.0908128300792071	0.315398358720948	0.0908128300792071
3A	5000	F3	22900.053	1338.55125	0.0584518843690012	0.315398358720948	0.0584518843690012
3A	5000	G11	25684.894	2765.685	0.107677493237854	0.315398358720948	0.107677493237854
3A	5000	H4	28810.24525	5868.2885	0.203687557987727	0.315398358720948	0.203687557987727
3A	5000	H7	27925.88125	1843.86175	0.0660269852719509	0.315398358720948	0.0660269852719509
3A	9000	C10	23539.50475	3263.86175	0.138654648203676	0.315398358720948	0.138654648203676
3A	9000	C3	19833.51725	557.66725	0.0281174157347205	0.315398358720948	0.0281174157347205
3A	9000	C8	25828.6845	5937.83675	0.229893115539818	0.315398358720948	0.229893115539818
3A	9000	E11	26697.4545	2717.30125	0.101781285927466	0.315398358720948	0.101781285927466
3A	9000	F3	23687.626	3598.49575	0.151914579789465	0.315398358720948	0.151914579789465
3A	9000	G11	24246.1745	2681.96525	0.110613954791095	0.315398358720948	0.110613954791095
3A	9000	H4	25095.533	2761.25825	0.11002987065467	0.315398358720948	0.11002987065467
3A	9000	H7	25224.735	22204.8645	0.880281378575434	0.315398358720948	0.880281378575434
3B	0	A5	26628.2985	22607.761	0.849012602138285	0.786622253575086	0.786622253575086
3B	0	C3	23798.39675	20942.07175	0.879978259459852	0.786622253575086	0.786622253575086
3B	0	C8	25813.2505	19213.675	0.744333806391411	0.786622253575086	0.786622253575086
3B	0	D2	27004.468	19942.0005	0.738470407933976	0.786622253575086	0.786622253575086
3B	0	D7	25667.836	21325.89475	0.830841164405133	0.786622253575086	0.786622253575086
3B	0	E5	28314.31625	17814.91975	0.629184176396984	0.786622253575086	0.786622253575086
3B	0	E8	23233.95275	20306.14475	0.87398579864978	0.786622253575086	0.786622253575086
3B	0	F2	27046.41475	20208.31875	0.747171813225263	0.786622253575086	0.786622253575086
3B	5000	A5	26144.5665	1292.71525	0.0494448913505604	0.786622253575086	0.0494448913505604
3B	5000	C3	30525.95525	17045.7505	0.558401870159329	0.786622253575086	0.558401870159329
3B	5000	C8	27291.68975	14605.66175	0.535168832849567	0.786622253575086	0.535168832849567
3B	5000	D2	16573.2045	141.4425	0.00853440865947198	0.786622253575086	0.00853440865947198
3B	5000	D7	25895.7505	10488.70375	0.405035712326623	0.786622253575086	0.405035712326623
3B	5000	E5	27169.27575	19551.627	0.719622678937255	0.786622253575086	0.719622678937255
3B	5000	E8	24655.4755	16113.61875	0.653551327777069	0.786622253575086	0.653551327777069
3B	5000	F2	29972.4625	19517.927	0.651195309694691	0.786622253575086	0.651195309694691
3B	9000	A5	14675.28225	11460.7275	0.780954485560235	0.786622253575086	0.780954485560235
3B	9000	C3	26436.17225	19819.42225	0.749708469992285	0.786622253575086	0.749708469992285
3B	9000	C8	24754.048	13588.987	0.548960194308422	0.786622253575086	0.548960194308422
3B	9000	D2	20962.51525	151903.62425	7.24644072709738	0.786622253575086	7.24644072709738
3B	9000	D7	21760.6315	12312.194	0.56580131877147	0.786622253575086	0.56580131877147
3B	9000	E5	24715.73475	15930.39925	0.644544837980186	0.786622253575086	0.644544837980186
3B	9000	E8	23050.4295	15251.715	0.661667280429634	0.786622253575086	0.661667280429634
3B	9000	F2	0	0	NA	0.786622253575086	NA
3C	0	A4	28182.897	21031.06125	0.746234897356365	0.749745193829207	0.749745193829207
3C	0	B10	27725.3165	21324.00575	0.769116765538096	0.749745193829207	0.749745193829207
3C	0	B12	25755.55625	21792.925	0.846144606175997	0.749745193829207	0.749745193829207
3C	0	B6	26301.6545	20494.62675	0.779214355127355	0.749745193829207	0.749745193829207
3C	0	E6	27596.39725	19114.35825	0.692639625268476	0.749745193829207	0.749745193829207
3C	0	F10	29387.07175	20830.667	0.708837790209567	0.749745193829207	0.749745193829207
3C	0	G11	27052.031	19078.2935	0.705244404754674	0.749745193829207	0.749745193829207
3C	0	G8	25911.74025	19447.51525	0.750529106203124	0.749745193829207	0.749745193829207
3C	5000	A4	27558.286	21141.15225	0.76714321964726	0.749745193829207	0.76714321964726
3C	5000	B10	30319.97025	20318.174	0.670125129822645	0.749745193829207	0.670125129822645
3C	5000	B12	32014.4325	22043.7075	0.688555310171436	0.749745193829207	0.688555310171436
3C	5000	B6	31907.69	24410.70025	0.765041287852552	0.749745193829207	0.765041287852552
3C	5000	E6	27986.2055	15890.08025	0.567782590247899	0.749745193829207	0.567782590247899
3C	5000	F10	27463.18475	19548.9295	0.711823107114334	0.749745193829207	0.711823107114334
3C	5000	G11	30264.24525	23303.16175	0.769989852960235	0.749745193829207	0.769989852960235
3C	5000	G8	30182.06875	22523.874	0.746266738259948	0.749745193829207	0.746266738259948
3C	9000	A4	24996.12925	19247.2635	0.770009760611235	0.749745193829207	0.770009760611235
3C	9000	B10	24324.485	17141.144	0.704686820707612	0.749745193829207	0.704686820707612
3C	9000	B12	26715.8665	16928.10825	0.633635006747769	0.749745193829207	0.633635006747769
3C	9000	B6	28625.4295	19074.396	0.666344447338336	0.749745193829207	0.666344447338336
3C	9000	E6	28684.40225	17978.7015	0.626776229928236	0.749745193829207	0.626776229928236
3C	9000	F10	27248.42425	23728.579	0.870823897275455	0.749745193829207	0.870823897275455
3C	9000	G11	27594.0155	17857.076	0.647135825519849	0.749745193829207	0.647135825519849
3C	9000	G8	28781.34925	22269.30825	0.773740940932434	0.749745193829207	0.773740940932434
3D	0	A12	27405.06625	13720.91825	0.50067086592064	0.486949965219031	0.486949965219031
3D	0	B2	26323.1395	12183.44625	0.462841685354439	0.486949965219031	0.486949965219031
3D	0	B9	24246.283	13168.643	0.543120073291234	0.486949965219031	0.486949965219031
3D	0	C1	33207.559	12331.02975	0.371332013593652	0.486949965219031	0.486949965219031
3D	0	E10	26138.69525	13853.75925	0.530009593726756	0.486949965219031	0.486949965219031
3D	0	G3	25813.079	13580.50475	0.526109448237461	0.486949965219031	0.486949965219031
3D	0	H5	25645.66675	13585.49125	0.529738274400684	0.486949965219031	0.486949965219031
3D	0	H9	29998.86975	12952.845	0.43177776722738	0.486949965219031	0.486949965219031
3D	5000	A12	12351.50175	97.21225	0.00787048020294374	0.486949965219031	0.00787048020294374
3D	5000	B2	26226.8365	1866.5815	0.0711706690206423	0.486949965219031	0.0711706690206423
3D	5000	B9	29779.4075	1016.4905	0.0341340068636356	0.486949965219031	0.0341340068636356
3D	5000	C1	32212.03625	3217.96025	0.0998993117052636	0.486949965219031	0.0998993117052636
3D	5000	E10	26832.33125	1310.50825	0.0488406407102625	0.486949965219031	0.0488406407102625
3D	5000	G3	16617.782	379.91725	0.022862091342876	0.486949965219031	0.022862091342876
3D	5000	H5	32952.96275	7688.978	0.233331917932023	0.486949965219031	0.233331917932023
3D	5000	H9	29309.4985	1769.094	0.0603590675562054	0.486949965219031	0.0603590675562054
3D	9000	A12	38674.5225	2348.05125	0.0607131283909194	0.486949965219031	0.0607131283909194
3D	9000	B2	27924.0185	5639.73625	0.201967215069708	0.486949965219031	0.201967215069708
3D	9000	B9	32642.35725	637.887	0.0195416953228768	0.486949965219031	0.0195416953228768
3D	9000	C1	33024.0485	27127.77575	0.821455181365786	0.486949965219031	0.821455181365786
3D	9000	E10	31670.493	816.844	0.0257919572012978	0.486949965219031	0.0257919572012978
3D	9000	G3	22980.19425	1130.7835	0.0492068730010844	0.486949965219031	0.0492068730010844
3D	9000	H5	30633.0435	7013.08675	0.228938621459536	0.486949965219031	0.228938621459536
3D	9000	H9	33869.882	2491.6975	0.0735667605809787	0.486949965219031	0.0735667605809787
4A	0	A5	20957.154	9803.75925	0.467800124482551	0.435972970477385	0.435972970477385
4A	0	B1	25340.04575	11701.42325	0.461775932271156	0.435972970477385	0.435972970477385
4A	0	D3	23638.59575	9650.03425	0.40823212817115	0.435972970477385	0.435972970477385
4A	0	D6	24524.83125	9996.168	0.407593752556401	0.435972970477385	0.435972970477385
4A	0	G4	23623.58325	10963.686	0.464099196297835	0.435972970477385	0.435972970477385
4A	0	H1	24130.7005	9548.2415	0.395688533782929	0.435972970477385	0.435972970477385
4A	0	H11	23254.195	10385.81475	0.446621125779671	0.435972970477385	0.435972970477385
4A	5000	A5	26527.0915	8595.09375	0.324011916270579	0.435972970477385	0.324011916270579
4A	5000	B1	26970.5935	7093.327	0.263002258367062	0.435972970477385	0.263002258367062
4A	5000	D3	23702.09575	5352.319	0.225816276183088	0.435972970477385	0.225816276183088
4A	5000	D6	22012.078	4904.685	0.222817900245493	0.435972970477385	0.222817900245493
4A	5000	G4	24398.962	3707.11175	0.151937272987269	0.435972970477385	0.151937272987269
4A	5000	H1	24204.9325	3658.74575	0.151157031733098	0.435972970477385	0.151157031733098
4A	5000	H11	24212.65425	3328.62425	0.137474570760866	0.435972970477385	0.137474570760866
4A	9000	A5	27083.786	9182.0165	0.339022635166295	0.435972970477385	0.339022635166295
4A	9000	B1	29211.397	5870.95275	0.200981580921994	0.435972970477385	0.200981580921994
4A	9000	D3	25353.40925	3560.12425	0.140419941748071	0.435972970477385	0.140419941748071
4A	9000	D6	26083.538	3947.978	0.151358991253411	0.435972970477385	0.151358991253411
4A	9000	G4	26823.217	4059.30125	0.151335361824795	0.435972970477385	0.151335361824795
4A	9000	H1	22356.58625	3511.026	0.157046606344025	0.435972970477385	0.157046606344025
4A	9000	H11	26103.04325	4248.0385	0.162741120233174	0.435972970477385	0.162741120233174
4B	0	A10	19452.88125	16804.737	0.863868790645088	0.852526979322587	0.852526979322587
4B	0	B10	25908.723	24354.90225	0.940027119437728	0.852526979322587	0.852526979322587
4B	0	C10	18093.599	15614.505	0.862985025809404	0.852526979322587	0.852526979322587
4B	0	C5	18822.36675	15111.49975	0.802848013255294	0.852526979322587	0.852526979322587
4B	0	F1	18073.30075	15209.52275	0.841546486742329	0.852526979322587	0.852526979322587
4B	0	F12	20438.3895	15728.03525	0.769533981628053	0.852526979322587	0.852526979322587
4B	0	G3	19060.94	16904.75575	0.886879437740216	0.852526979322587	0.852526979322587
4B	5000	A10	21452.73675	6708.385	0.312705324182007	0.852526979322587	0.312705324182007
4B	5000	B10	27801.73075	27336.263	0.983257598090364	0.852526979322587	0.983257598090364
4B	5000	C10	28089.48275	31586.718	1.12450336950402	0.852526979322587	1.12450336950402
4B	5000	C5	25559.7935	18437.95675	0.721365638184831	0.852526979322587	0.721365638184831
4B	5000	F1	18361.123	7953.052	0.433146273242655	0.852526979322587	0.433146273242655
4B	5000	F12	25863.806	6356.86175	0.24578214629355	0.852526979322587	0.24578214629355
4B	5000	G3	20450.51725	8535.46625	0.417371655966306	0.852526979322587	0.417371655966306
4B	9000	A10	17141.709	7352.9205	0.428949091365394	0.852526979322587	0.428949091365394
4B	9000	B10	24309.30075	22313.86375	0.917914668935922	0.852526979322587	0.917914668935922
4B	9000	C10	28629.04325	29908.531	1.04469194931968	0.852526979322587	1.04469194931968
4B	9000	C5	23800.27075	7330.52175	0.308001611704354	0.852526979322587	0.308001611704354
4B	9000	F1	16436.39825	7848.37225	0.477499518484836	0.852526979322587	0.477499518484836
4B	9000	F12	26003.65425	8422.026	0.323878556414816	0.852526979322587	0.323878556414816
4B	9000	G3	19907.30525	955.90475	0.0480177873396501	0.852526979322587	0.0480177873396501
4C	0	A8	24182.392	16511.641	0.682796019517011	0.736997135806312	0.736997135806312
4C	0	B4	22524.0005	17923.99975	0.795773368500858	0.736997135806312	0.736997135806312
4C	0	B6	23876.097	17171.81775	0.719205393997185	0.736997135806312	0.736997135806312
4C	0	D10	23315.859	17084.53725	0.732743204957621	0.736997135806312	0.736997135806312
4C	0	D7	22444.215	16109.146	0.717741565031345	0.736997135806312	0.736997135806312
4C	0	E2	26119.81625	19396.64625	0.742602706862457	0.736997135806312	0.736997135806312
4C	0	F12	22609.87175	17367.0425	0.768117691777708	0.736997135806312	0.736997135806312
4C	5000	A8	25993.2985	13613.805	0.523742879342535	0.736997135806312	0.523742879342535
4C	5000	B4	25246.83925	8929.7875	0.353699225933797	0.736997135806312	0.353699225933797
4C	5000	B6	25447.16275	1699.30125	0.0667776312312067	0.736997135806312	0.0667776312312067
4C	5000	D10	27611.1645	1798.728	0.0651449525064399	0.736997135806312	0.0651449525064399
4C	5000	D7	24994.1875	9494.9485	0.379886263556277	0.736997135806312	0.379886263556277
4C	5000	E2	28189.779	18815.101	0.667444076095808	0.736997135806312	0.667444076095808
4C	5000	F12	22237.14175	20441.48725	0.91924976149419	0.736997135806312	0.91924976149419
4C	9000	A8	25993.2985	13613.805	0.523742879342535	0.736997135806312	0.523742879342535
4C	9000	B4	25246.83925	8929.7875	0.353699225933797	0.736997135806312	0.353699225933797
4C	9000	B6	25447.16275	1699.30125	0.0667776312312067	0.736997135806312	0.0667776312312067
4C	9000	D10	27611.1645	1798.728	0.0651449525064399	0.736997135806312	0.0651449525064399
4C	9000	D7	24994.1875	9494.9485	0.379886263556277	0.736997135806312	0.379886263556277
4C	9000	E2	28189.779	18815.101	0.667444076095808	0.736997135806312	0.667444076095808
4C	9000	F12	22237.14175	20441.48725	0.91924976149419	0.736997135806312	0.91924976149419
4D	0	A11	25290.18675	17476.4345	0.69103619806208	0.754362503651052	0.754362503651052
4D	0	C12	25001.1515	18413.647	0.736511956259295	0.754362503651052	0.754362503651052
4D	0	C4	35059.72275	25442.45125	0.725688888968752	0.754362503651052	0.754362503651052
4D	0	D6	33011.54	26519.79725	0.803349290884339	0.754362503651052	0.754362503651052
4D	0	F7	28108.761	18126.5455	0.644871735897573	0.754362503651052	0.754362503651052
4D	0	H2	31791.09025	29148.5755	0.916878762910624	0.754362503651052	0.754362503651052
4D	0	H8	25128.553	19153.0005	0.762200692574698	0.754362503651052	0.754362503651052
4D	5000	A11	23951.67425	15997.66925	0.667914446523504	0.754362503651052	0.667914446523504
4D	5000	C12	24745.6345	11809.3585	0.477229973634339	0.754362503651052	0.477229973634339
4D	5000	C4	34309.72275	23430.53675	0.682912447900792	0.754362503651052	0.682912447900792
4D	5000	D6	33011.54	15758.7335	0.477370443790262	0.754362503651052	0.477370443790262
4D	5000	F7	24791.109	9942.279	0.401042123609718	0.754362503651052	0.401042123609718
4D	5000	H2	31791.09025	31444.72	0.989104801147862	0.754362503651052	0.989104801147862
4D	5000	H8	23459.3815	17246.5485	0.735166376828818	0.754362503651052	0.735166376828818
4D	9000	A11	27155.54325	24280.95025	0.894143417661144	0.754362503651052	0.894143417661144
4D	9000	C12	28082.5665	13854.76225	0.493358121309888	0.754362503651052	0.493358121309888
4D	9000	C4	34309.72275	32859.4455	0.957729846417952	0.754362503651052	0.957729846417952
4D	9000	D6	33011.54	18994.585	0.575392271914609	0.754362503651052	0.575392271914609
4D	9000	F7	27188.17225	12817.578	0.471439487808894	0.754362503651052	0.471439487808894
4D	9000	H2	31791.09025	35027.0515	1.10178830686689	0.754362503651052	1.10178830686689
4D	9000	H8	22628.553	3229.38775	0.142712958711942	0.754362503651052	0.142712958711942
5A	0	A10	26832.53825	17983.6585	0.670218312276141	0.684429139118868	0.684429139118868
5A	0	A6	26886.97025	19568.6345	0.727811066774993	0.684429139118868	0.684429139118868
5A	0	B5	27117.14675	18124.19925	0.668366750273976	0.684429139118868	0.684429139118868
5A	0	E8	26126.9095	17483.6585	0.669182036245045	0.684429139118868	0.684429139118868
5A	0	F7	24797.399	17983.6585	0.725223580908627	0.684429139118868	0.684429139118868
5A	0	H2	27203.72525	18982.54025	0.697791941197465	0.684429139118868	0.684429139118868
5A	0	H8	27527.47525	17408.6585	0.632410286155829	0.684429139118868	0.684429139118868
5A	5000	A10	26582.53825	4104.95275	0.154422903915129	0.684429139118868	0.154422903915129
5A	5000	A6	26184.88975	5964.44025	0.227781759134579	0.684429139118868	0.227781759134579
5A	5000	B5	27054.922	8590.4715	0.317519728942482	0.684429139118868	0.317519728942482
5A	5000	E8	26933.51325	8714.44025	0.323553788512904	0.684429139118868	0.323553788512904
5A	5000	F7	26983.7655	14031.66175	0.520003842680889	0.684429139118868	0.520003842680889
5A	5000	H2	23823.5405	13289.97675	0.557850616284343	0.684429139118868	0.557850616284343
5A	5000	H8	30611.0105	14031.66175	0.458386100975007	0.684429139118868	0.458386100975007
5A	9000	A10	28676.922	11230.1125	0.39160801497455	0.684429139118868	0.39160801497455
5A	9000	A6	28556.6625	12230.1125	0.428275275515828	0.684429139118868	0.428275275515828
5A	9000	B5	26093.99025	10455.1125	0.40067128100502	0.684429139118868	0.40067128100502
5A	9000	E8	30734.86975	11455.1125	0.372707370917035	0.684429139118868	0.372707370917035
5A	9000	F7	26983.7655	11080.1125	0.41062143458073	0.684429139118868	0.41062143458073
5A	9000	H2	27580.90725	11455.1125	0.415327617622151	0.684429139118868	0.415327617622151
5A	9000	H8	25983.4075	10955.1125	0.421619547012839	0.684429139118868	0.421619547012839
5B	0	A11	24965.57375	9728.413	0.389673119369027	0.460429914129689	0.460429914129689
5B	0	C5	26618.556	11063.664	0.41563727198425	0.460429914129689	0.460429914129689
5B	0	D11	25127.69	11032.0595	0.439039939604476	0.460429914129689	0.460429914129689
5B	0	D4	23977.7705	13522.5855	0.563963421870269	0.460429914129689	0.460429914129689
5B	0	D8	24653.89925	11026.94325	0.447269745778652	0.460429914129689	0.460429914129689
5B	0	G10	22961.6565	10920.58975	0.475601128777447	0.460429914129689	0.460429914129689
5B	0	H12	22819.2705	11223.0825	0.4918247715237	0.460429914129689	0.460429914129689
5B	5000	A11	28502.3035	4474.65475	0.15699274095513	0.460429914129689	0.15699274095513
5B	5000	C5	27735.1895	14228.8355	0.513024636085504	0.460429914129689	0.513024636085504
5B	5000	D11	29338.9075	10973.83975	0.374037095621233	0.460429914129689	0.374037095621233
5B	5000	D4	23752.00775	16855.3305	0.709638135748756	0.460429914129689	0.709638135748756
5B	5000	D8	28308.7755	5681.99875	0.200715101576894	0.460429914129689	0.200715101576894
5B	5000	G10	28369.67	1858.65475	0.0655155576360247	0.460429914129689	0.0655155576360247
5B	5000	H12	24129.917	11549.9285	0.478655956421234	0.460429914129689	0.478655956421234
5B	9000	A11	29196.21275	5605.5385	0.191995398444272	0.460429914129689	0.191995398444272
5B	9000	C5	29825.7025	19844.03325	0.665333306063788	0.460429914129689	0.665333306063788
5B	9000	D11	29338.9075	13185.782	0.449429891007359	0.460429914129689	0.449429891007359
5B	9000	D4	23752.00775	14792.17125	0.622775615674006	0.460429914129689	0.622775615674006
5B	9000	D8	29585.349	4803.55125	0.162362500776989	0.460429914129689	0.162362500776989
5B	9000	G10	31275.26125	1739.21025	0.055609775282053	0.460429914129689	0.055609775282053
5B	9000	H12	22963.015	9383.3825	0.40863024737823	0.460429914129689	0.40863024737823
5C	0	A9	26795.75775	6076.7185	0.226779125139688	0.272099477087559	0.272099477087559
5C	0	B5	29178.53825	8480.60525	0.29064530845715	0.272099477087559	0.272099477087559
5C	0	B9	27987.65225	6757.895	0.241459874505908	0.272099477087559	0.272099477087559
5C	0	D12	27439.13425	8205.486	0.299043181364222	0.272099477087559	0.272099477087559
5C	0	E10	25940.52775	7259.24875	0.27984198393959	0.272099477087559	0.272099477087559
5C	0	E4	26244.45425	7439.0645	0.283452817465236	0.272099477087559	0.272099477087559
5C	0	G1	25897.52225	6724.57	0.259660748047045	0.272099477087559	0.272099477087559
5C	0	G7	27989.01525	8282.30725	0.295912777781633	0.272099477087559	0.272099477087559
5C	5000	A9	23997.62425	13732.1815	0.572230874062461	0.272099477087559	0.572230874062461
5C	5000	B5	30360.95025	8176.9255	0.269323767295459	0.272099477087559	0.269323767295459
5C	5000	B9	29065.4075	7856.55425	0.270306007235577	0.272099477087559	0.270306007235577
5C	5000	D12	32124.533	8767.572	0.27292449667673	0.272099477087559	0.27292449667673
5C	5000	E10	21492.77275	6317.6275	0.293941948462652	0.272099477087559	0.293941948462652
5C	5000	E4	27575.422	7906.02675	0.286705557942141	0.272099477087559	0.286705557942141
5C	5000	G1	28496.7025	9047.32	0.317486558313194	0.272099477087559	0.317486558313194
5C	5000	G7	31005.0435	8261.39525	0.266453270739646	0.272099477087559	0.266453270739646
5C	9000	A9	22326.61875	16258.2265	0.728199226315897	0.272099477087559	0.728199226315897
5C	9000	B5	23879.78825	13776.22675	0.576899033013829	0.272099477087559	0.576899033013829
5C	9000	B9	29841.21525	14941.53725	0.500701366376156	0.272099477087559	0.500701366376156
5C	9000	D12	16790.40875	11076.257	0.659677626966645	0.272099477087559	0.659677626966645
5C	9000	E10	21065.88875	0	0	0.272099477087559	0
5C	9000	E4	26768.0265	663.41725	0.0247839432615624	0.272099477087559	0.0247839432615624
5C	9000	G1	21830.235	8080.436	0.370148832570973	0.272099477087559	0.370148832570973
5C	9000	G7	21315.88875	8158.37525	0.382736809414057	0.272099477087559	0.382736809414057
5D	0	A12	27889.3845	15101.439	0.541476238028846	0.507148620203405	0.507148620203405
5D	0	B7	31207.1375	15460.10325	0.495402798478393	0.507148620203405	0.507148620203405
5D	0	C11	26694.42	14145.421	0.529901792209758	0.507148620203405	0.507148620203405
5D	0	D9	28235.25575	13087.7445	0.463524914237761	0.507148620203405	0.507148620203405
5D	0	E2	30328.62175	15345.1585	0.505962935819858	0.507148620203405	0.507148620203405
5D	0	F5	28150.6165	16262.33	0.577690012579298	0.507148620203405	0.507148620203405
5D	0	F8	30412.00575	13602.5195	0.447274658956028	0.507148620203405	0.507148620203405
5D	0	H9	27584.824	13680.84825	0.495955611317295	0.507148620203405	0.507148620203405
5D	5000	A12	25814.94	17038.17625	0.660012235163049	0.507148620203405	0.660012235163049
5D	5000	B7	29829.96275	23736.1115	0.795713749257029	0.507148620203405	0.795713749257029
5D	5000	C11	25777.82575	20917.7275	0.811462056686453	0.507148620203405	0.811462056686453
5D	5000	D9	31635.354	15584.5405	0.492630507627637	0.507148620203405	0.492630507627637
5D	5000	E2	29043.531	24001.7275	0.826405284536512	0.507148620203405	0.826405284536512
5D	5000	F5	29248.2785	20022.69925	0.684577017071278	0.507148620203405	0.684577017071278
5D	5000	F8	28124.30575	17345.8835	0.61675774876683	0.507148620203405	0.61675774876683
5D	5000	H9	27636.3185	19590.29575	0.708860543418618	0.507148620203405	0.708860543418618
5D	9000	A12	29815.10425	22765.25275	0.763547648839765	0.507148620203405	0.763547648839765
5D	9000	B7	24163.58825	23776.172	0.983966940423263	0.507148620203405	0.983966940423263
5D	9000	C11	38150.08825	11155.99225	0.292423759989599	0.507148620203405	0.292423759989599
5D	9000	D9	28390.25025	19400.95775	0.68336691572488	0.507148620203405	0.68336691572488
5D	9000	E2	28135.7505	24498.7225	0.870732859960498	0.507148620203405	0.870732859960498
5D	9000	F5	28918.9785	20172.83325	0.69756382473883	0.507148620203405	0.69756382473883
5D	9000	F8	23688.52275	18554.04575	0.783250435065648	0.507148620203405	0.783250435065648
5D	9000	H9	26046.67425	22564.63675	0.866315466359395	0.507148620203405	0.866315466359395
